100
101
102
103
104
105
106
107
108
109
110
111
112
113
114
115
117
118
119
120
122
123
124
125
126
127
128
129
131
132
133
134
135
136
137
138
139
140
141
142
143
144
145
146
147
148
150
151
152
154
155
156
157
158
159
170
171
172
173
174
175
176
177
178
179
180
181
182
183
184
185
186
187
188
189
190
191
192
193
194
195
196
197
198
199
200
201
202
203
204
205
206
207
208
209
210
211
212
213
214
215
217
218
219
220
221
222
223
227
228
229
231
232
233
236
237
238
239
241
242
243
244
245
246
247
248
249
250
251
252
253
254
255
256
257
258
259
260
261
262
263
264
265
266
267
269
270
271
272
273
274
275
276
277
278
279
282
284
285
286
289
290
293
296
298
299
311
312
313
314
315
400
401
402
403
404
405
406
407
408
409
410
412
413
414
415
426
427
428
429
432
433
434
435
436
437
438
439
